<?xml version="1.0" encoding="UTF-8"?>
<qes:espresso xsi:schemaLocation="http://www.quantum-espresso.org/ns/qes/qes-1.0 http://www.quantum-espresso.org/ns/qes/qes_190304.xsd" Units="Hartree atomic units" xmlns:xsi="http://www.w3.org/2001/XMLSchema-instance" xmlns:qes="http://www.quantum-espresso.org/ns/qes/qes-1.0">
  <!--If not explicitely indicated, all quantities are expressed in Hartree atomic units-->
  <general_info>
    <xml_format NAME="QEXSD" VERSION="19.03">QEXSD_19.03</xml_format>
    <creator NAME="PWSCF" VERSION="6.4.1">XML file generated by PWSCF</creator>
    <created DATE="17Oct2020" TIME="19:53:50">This run was terminated on:  19:53:50  17 Oct 2020</created>
    <job></job>
  </general_info>
  <parallel_info>
    <nprocs>4</nprocs>
    <nthreads>1</nthreads>
    <ntasks>1</ntasks>
    <nbgrp>1</nbgrp>
    <npool>1</npool>
    <ndiag>4</ndiag>
  </parallel_info>
  <input>
    <control_variables>
      <title></title>
      <calculation>scf</calculation>
      <restart_mode>from_scratch</restart_mode>
      <prefix>feo</prefix>
      <pseudo_dir>/home/xing/datas/pseudo</pseudo_dir>
      <outdir>./</outdir>
      <stress>false</stress>
      <forces>false</forces>
      <wf_collect>true</wf_collect>
      <disk_io>low</disk_io>
      <max_seconds>10000000</max_seconds>
      <nstep>1</nstep>
      <etot_conv_thr>5.000000000000000e-5</etot_conv_thr>
      <forc_conv_thr>5.000000000000000e-4</forc_conv_thr>
      <press_conv_thr>5.000000000000000e-1</press_conv_thr>
      <verbosity>high</verbosity>
      <print_every>100000</print_every>
    </control_variables>
    <atomic_species ntyp="3">
      <species name="O">
        <mass>1.599900000000000e1</mass>
        <pseudo_file>O.pbe-n-rrkjus_psl.1.0.0.UPF</pseudo_file>
        <starting_magnetization>0.000000000000000e0</starting_magnetization>
      </species>
      <species name="Fe1">
        <mass>1.599900000000000e1</mass>
        <pseudo_file>Fe.pbe-spn-rrkjus_psl.1.0.0.UPF</pseudo_file>
        <starting_magnetization>-5.000000000000000e-1</starting_magnetization>
      </species>
      <species name="Fe">
        <mass>5.584500000000000e1</mass>
        <pseudo_file>Fe.pbe-spn-rrkjus_psl.1.0.0.UPF</pseudo_file>
        <starting_magnetization>5.000000000000000e-1</starting_magnetization>
      </species>
    </atomic_species>
    <atomic_structure nat="4" alat="1.003066049221e1">
      <atomic_positions>
        <atom name="O" index="1">4.094999998155533e0 4.094999998155533e0 4.094999998155533e0</atom>
        <atom name="Fe1" index="2">1.228499999446660e1 1.228499999446660e1 1.228499999446660e1</atom>
        <atom name="Fe" index="3">0.000000000000000e0 0.000000000000000e0 0.000000000000000e0</atom>
        <atom name="Fe" index="4">8.189999996311066e0 8.189999996311066e0 8.189999996311066e0</atom>
      </atomic_positions>
      <cell>
        <a1>4.094999998170179e0 4.094999998170179e0 8.189999996340358e0</a1>
        <a2>4.094999998170179e0 8.189999996340358e0 4.094999998170179e0</a2>
        <a3>8.189999996340358e0 4.094999998170179e0 4.094999998170179e0</a3>
      </cell>
    </atomic_structure>
    <dft>
      <functional>PBE</functional>
      <dftU>
        <lda_plus_u_kind>0</lda_plus_u_kind>
        <Hubbard_U specie="Fe1" label="3d">3.160441984168456e-1</Hubbard_U>
        <Hubbard_U specie="Fe" label="3d">3.160441984168456e-1</Hubbard_U>
        <U_projection_type>atomic</U_projection_type>
      </dftU>
    </dft>
    <spin>
      <lsda>true</lsda>
      <noncolin>false</noncolin>
      <spinorbit>false</spinorbit>
    </spin>
    <bands>
      <smearing degauss="3.000000000000e-2">gaussian</smearing>
      <tot_charge>0.000000000000000e0</tot_charge>
      <occupations>smearing</occupations>
    </bands>
    <basis>
      <gamma_only>false</gamma_only>
      <ecutwfc>1.500000000000000e1</ecutwfc>
      <ecutrho>1.200000000000000e2</ecutrho>
    </basis>
    <electron_control>
      <diagonalization>davidson</diagonalization>
      <mixing_mode>plain</mixing_mode>
      <mixing_beta>3.000000000000000e-1</mixing_beta>
      <conv_thr>5.000000000000000e-9</conv_thr>
      <mixing_ndim>8</mixing_ndim>
      <max_nstep>100</max_nstep>
      <real_space_q>false</real_space_q>
      <real_space_beta>false</real_space_beta>
      <tq_smoothing>false</tq_smoothing>
      <tbeta_smoothing>false</tbeta_smoothing>
      <diago_thr_init>0.000000000000000e0</diago_thr_init>
      <diago_full_acc>false</diago_full_acc>
      <diago_cg_maxiter>20</diago_cg_maxiter>
      <diago_ppcg_maxiter>20</diago_ppcg_maxiter>
    </electron_control>
    <k_points_IBZ>
      <monkhorst_pack nk1="4" nk2="4" nk3="4" k1="0" k2="0" k3="0">Monkhorst-Pack</monkhorst_pack>
    </k_points_IBZ>
    <ion_control>
      <ion_dynamics>none</ion_dynamics>
      <upscale>1.000000000000000e2</upscale>
      <remove_rigid_rot>false</remove_rigid_rot>
      <refold_pos>false</refold_pos>
    </ion_control>
    <cell_control>
      <cell_dynamics>none</cell_dynamics>
      <pressure>0.000000000000000e0</pressure>
      <wmass>1.309636002635020e5</wmass>
      <cell_factor>0.000000000000000e0</cell_factor>
      <fix_volume>false</fix_volume>
      <fix_area>false</fix_area>
      <isotropic>false</isotropic>
    </cell_control>
    <symmetry_flags>
      <nosym>false</nosym>
      <nosym_evc>false</nosym_evc>
      <noinv>false</noinv>
      <no_t_rev>false</no_t_rev>
      <force_symmorphic>false</force_symmorphic>
      <use_all_frac>false</use_all_frac>
    </symmetry_flags>
  </input>
  <output>
    <convergence_info>
      <scf_conv>
        <convergence_achieved>true</convergence_achieved>
        <n_scf_steps>44</n_scf_steps>
        <scf_error>1.307105275286468e-9</scf_error>
      </scf_conv>
    </convergence_info>
    <algorithmic_info>
      <real_space_q>false</real_space_q>
      <real_space_beta>false</real_space_beta>
      <uspp>true</uspp>
      <paw>false</paw>
    </algorithmic_info>
    <atomic_species ntyp="3" pseudo_dir="/home/xing/datas/pseudo/">
      <species name="O">
        <mass>1.599900000000000e1</mass>
        <pseudo_file>O.pbe-n-rrkjus_psl.1.0.0.UPF</pseudo_file>
        <starting_magnetization>0.000000000000000e0</starting_magnetization>
      </species>
      <species name="Fe1">
        <mass>1.599900000000000e1</mass>
        <pseudo_file>Fe.pbe-spn-rrkjus_psl.1.0.0.UPF</pseudo_file>
        <starting_magnetization>-5.000000000000000e-1</starting_magnetization>
      </species>
      <species name="Fe">
        <mass>5.584500000000000e1</mass>
        <pseudo_file>Fe.pbe-spn-rrkjus_psl.1.0.0.UPF</pseudo_file>
        <starting_magnetization>5.000000000000000e-1</starting_magnetization>
      </species>
    </atomic_species>
    <atomic_structure nat="4" alat="1.003066049221e1">
      <atomic_positions>
        <atom name="O" index="1">4.094999998155533e0 4.094999998155533e0 4.094999998155533e0</atom>
        <atom name="Fe1" index="2">1.228499999446660e1 1.228499999446660e1 1.228499999446660e1</atom>
        <atom name="Fe" index="3">0.000000000000000e0 0.000000000000000e0 0.000000000000000e0</atom>
        <atom name="Fe" index="4">8.189999996311066e0 8.189999996311066e0 8.189999996311066e0</atom>
      </atomic_positions>
      <cell>
        <a1>4.094999998170179e0 4.094999998170179e0 8.189999996340358e0</a1>
        <a2>4.094999998170179e0 8.189999996340358e0 4.094999998170179e0</a2>
        <a3>8.189999996340358e0 4.094999998170179e0 4.094999998170179e0</a3>
      </cell>
    </atomic_structure>
    <symmetries>
      <nsym>12</nsym>
      <nrot>12</nrot>
      <space_group>0</space_group>
      <symmetry>
        <info name="identity" class="not found">crystal_symmetry</info>
        <rotation rank="2" dims="3 3" order="F">
          1.000000000000000e0 0.000000000000000e0 0.000000000000000e0
          0.000000000000000e0 1.000000000000000e0 0.000000000000000e0
          0.000000000000000e0 0.000000000000000e0 1.000000000000000e0
          </rotation>
        <fractional_translation>0.000000000000000e0 0.000000000000000e0 0.000000000000000e0</fractional_translation>
        <equivalent_atoms nat="4" size="4">
          1 2 3 4
          </equivalent_atoms>
      </symmetry>
      <symmetry>
        <info name="180 deg rotation - cart. axis [1,-1,0]" class="not found">crystal_symmetry</info>
        <rotation rank="2" dims="3 3" order="F">
          -1.000000000000000e0 0.000000000000000e0 0.000000000000000e0
          0.000000000000000e0 0.000000000000000e0 -1.000000000000000e0
          0.000000000000000e0 -1.000000000000000e0 0.000000000000000e0
          </rotation>
        <fractional_translation>-4.999999999982117e-1 -4.999999999982118e-1 -4.999999999982118e-1</fractional_translation>
        <equivalent_atoms nat="4" size="4">
          1 2 4 3
          </equivalent_atoms>
      </symmetry>
      <symmetry>
        <info name="180 deg rotation - cart. axis [-1,0,1]" class="not found">crystal_symmetry</info>
        <rotation rank="2" dims="3 3" order="F">
          0.000000000000000e0 0.000000000000000e0 -1.000000000000000e0
          0.000000000000000e0 -1.000000000000000e0 0.000000000000000e0
          -1.000000000000000e0 0.000000000000000e0 0.000000000000000e0
          </rotation>
        <fractional_translation>-4.999999999982117e-1 -4.999999999982118e-1 -4.999999999982117e-1</fractional_translation>
        <equivalent_atoms nat="4" size="4">
          1 2 4 3
          </equivalent_atoms>
      </symmetry>
      <symmetry>
        <info name="180 deg rotation - cart. axis [0,1,-1]" class="not found">crystal_symmetry</info>
        <rotation rank="2" dims="3 3" order="F">
          0.000000000000000e0 -1.000000000000000e0 0.000000000000000e0
          -1.000000000000000e0 0.000000000000000e0 0.000000000000000e0
          0.000000000000000e0 0.000000000000000e0 -1.000000000000000e0
          </rotation>
        <fractional_translation>-4.999999999982117e-1 -4.999999999982117e-1 -4.999999999982118e-1</fractional_translation>
        <equivalent_atoms nat="4" size="4">
          1 2 4 3
          </equivalent_atoms>
      </symmetry>
      <symmetry>
        <info name="120 deg rotation - cart. axis [-1,-1,-1]" class="not found">crystal_symmetry</info>
        <rotation rank="2" dims="3 3" order="F">
          0.000000000000000e0 0.000000000000000e0 1.000000000000000e0
          1.000000000000000e0 0.000000000000000e0 0.000000000000000e0
          0.000000000000000e0 1.000000000000000e0 0.000000000000000e0
          </rotation>
        <fractional_translation>0.000000000000000e0 0.000000000000000e0 0.000000000000000e0</fractional_translation>
        <equivalent_atoms nat="4" size="4">
          1 2 3 4
          </equivalent_atoms>
      </symmetry>
      <symmetry>
        <info name="120 deg rotation - cart. axis [1,1,1]" class="not found">crystal_symmetry</info>
        <rotation rank="2" dims="3 3" order="F">
          0.000000000000000e0 1.000000000000000e0 0.000000000000000e0
          0.000000000000000e0 0.000000000000000e0 1.000000000000000e0
          1.000000000000000e0 0.000000000000000e0 0.000000000000000e0
          </rotation>
        <fractional_translation>0.000000000000000e0 0.000000000000000e0 0.000000000000000e0</fractional_translation>
        <equivalent_atoms nat="4" size="4">
          1 2 3 4
          </equivalent_atoms>
      </symmetry>
      <symmetry>
        <info name="inversion" class="not found">crystal_symmetry</info>
        <rotation rank="2" dims="3 3" order="F">
          -1.000000000000000e0 0.000000000000000e0 0.000000000000000e0
          0.000000000000000e0 -1.000000000000000e0 0.000000000000000e0
          0.000000000000000e0 0.000000000000000e0 -1.000000000000000e0
          </rotation>
        <fractional_translation>-4.999999999982117e-1 -4.999999999982118e-1 -4.999999999982118e-1</fractional_translation>
        <equivalent_atoms nat="4" size="4">
          1 2 4 3
          </equivalent_atoms>
      </symmetry>
      <symmetry>
        <info name="inv. 180 deg rotation - cart. axis [1,-1,0]" class="not found">crystal_symmetry</info>
        <rotation rank="2" dims="3 3" order="F">
          1.000000000000000e0 0.000000000000000e0 0.000000000000000e0
          0.000000000000000e0 0.000000000000000e0 1.000000000000000e0
          0.000000000000000e0 1.000000000000000e0 0.000000000000000e0
          </rotation>
        <fractional_translation>0.000000000000000e0 0.000000000000000e0 0.000000000000000e0</fractional_translation>
        <equivalent_atoms nat="4" size="4">
          1 2 3 4
          </equivalent_atoms>
      </symmetry>
      <symmetry>
        <info name="inv. 180 deg rotation - cart. axis [-1,0,1]" class="not found">crystal_symmetry</info>
        <rotation rank="2" dims="3 3" order="F">
          0.000000000000000e0 0.000000000000000e0 1.000000000000000e0
          0.000000000000000e0 1.000000000000000e0 0.000000000000000e0
          1.000000000000000e0 0.000000000000000e0 0.000000000000000e0
          </rotation>
        <fractional_translation>0.000000000000000e0 0.000000000000000e0 0.000000000000000e0</fractional_translation>
        <equivalent_atoms nat="4" size="4">
          1 2 3 4
          </equivalent_atoms>
      </symmetry>
      <symmetry>
        <info name="inv. 180 deg rotation - cart. axis [0,1,-1]" class="not found">crystal_symmetry</info>
        <rotation rank="2" dims="3 3" order="F">
          0.000000000000000e0 1.000000000000000e0 0.000000000000000e0
          1.000000000000000e0 0.000000000000000e0 0.000000000000000e0
          0.000000000000000e0 0.000000000000000e0 1.000000000000000e0
          </rotation>
        <fractional_translation>0.000000000000000e0 0.000000000000000e0 0.000000000000000e0</fractional_translation>
        <equivalent_atoms nat="4" size="4">
          1 2 3 4
          </equivalent_atoms>
      </symmetry>
      <symmetry>
        <info name="inv. 120 deg rotation - cart. axis [-1,-1,-1]" class="not found">crystal_symmetry</info>
        <rotation rank="2" dims="3 3" order="F">
          0.000000000000000e0 0.000000000000000e0 -1.000000000000000e0
          -1.000000000000000e0 0.000000000000000e0 0.000000000000000e0
          0.000000000000000e0 -1.000000000000000e0 0.000000000000000e0
          </rotation>
        <fractional_translation>-4.999999999982117e-1 -4.999999999982117e-1 -4.999999999982118e-1</fractional_translation>
        <equivalent_atoms nat="4" size="4">
          1 2 4 3
          </equivalent_atoms>
      </symmetry>
      <symmetry>
        <info name="inv. 120 deg rotation - cart. axis [1,1,1]" class="not found">crystal_symmetry</info>
        <rotation rank="2" dims="3 3" order="F">
          0.000000000000000e0 -1.000000000000000e0 0.000000000000000e0
          0.000000000000000e0 0.000000000000000e0 -1.000000000000000e0
          -1.000000000000000e0 0.000000000000000e0 0.000000000000000e0
          </rotation>
        <fractional_translation>-4.999999999982117e-1 -4.999999999982118e-1 -4.999999999982117e-1</fractional_translation>
        <equivalent_atoms nat="4" size="4">
          1 2 4 3
          </equivalent_atoms>
      </symmetry>
    </symmetries>
    <basis_set>
      <gamma_only>false</gamma_only>
      <ecutwfc>1.500000000000000e1</ecutwfc>
      <ecutrho>1.200000000000000e2</ecutrho>
      <fft_grid nr1="50" nr2="50" nr3="50"></fft_grid>
      <fft_smooth nr1="36" nr2="36" nr3="36"></fft_smooth>
      <fft_box nr1="50" nr2="50" nr3="50"></fft_box>
      <ngm>17255</ngm>
      <ngms>6111</ngms>
      <npwx>780</npwx>
      <reciprocal_lattice>
        <b1>-6.123724356957945e-1 -6.123724356957945e-1 1.837117307087384e0</b1>
        <b2>-6.123724356957945e-1 1.837117307087384e0 -6.123724356957945e-1</b2>
        <b3>1.837117307087384e0 -6.123724356957945e-1 -6.123724356957945e-1</b3>
      </reciprocal_lattice>
    </basis_set>
    <dft>
      <functional>PBE</functional>
      <dftU>
        <lda_plus_u_kind>0</lda_plus_u_kind>
        <Hubbard_U specie="Fe1" label="3d">3.160441984168456e-1</Hubbard_U>
        <Hubbard_U specie="Fe" label="3d">3.160441984168456e-1</Hubbard_U>
        <Hubbard_ns specie="Fe1" label="3d" spin="1" index="3" rank="2" dims="5 5" order="F">
          5.861383700042518e-1 -4.684921006386396e-3 -4.684921006385381e-3 1.151340579071214e-15 -9.369842012768602e-3
          -4.684921006386396e-3 3.976140145356084e-1 3.971703071172601e-3 -8.114521212504405e-3 -3.971703071172599e-3
          -4.684921006385381e-3 3.971703071172601e-3 3.976140145356091e-1 8.114521212506366e-3 -3.971703071172643e-3
          1.151340579071214e-15 -8.114521212504405e-3 8.114521212506366e-3 5.861383700042508e-1 -2.875931742582705e-15
          -9.369842012768602e-3 -3.971703071172599e-3 -3.971703071172643e-3 -2.875931742582705e-15 3.976140145356056e-1
          </Hubbard_ns>
        <Hubbard_ns specie="Fe1" label="3d" spin="2" index="4" rank="2" dims="5 5" order="F">
          7.198030275837086e-1 -2.353862923133951e-3 -2.353862923131427e-3 1.357159724904320e-15 -4.707725846259697e-3
          -2.353862923133951e-3 7.974815318460507e-1 -1.589358228823476e-3 -4.077010176913199e-3 1.589358228823470e-3
          -2.353862923131427e-3 -1.589358228823476e-3 7.974815318460520e-1 4.077010176916609e-3 1.589358228823188e-3
          1.357159724904320e-15 -4.077010176913199e-3 4.077010176916609e-3 7.198030275837071e-1 -4.965546633876674e-15
          -4.707725846259697e-3 1.589358228823470e-3 1.589358228823188e-3 -4.965546633876674e-15 7.974815318460453e-1
          </Hubbard_ns>
        <Hubbard_ns specie="Fe" label="3d" spin="1" index="5" rank="2" dims="5 5" order="F">
          7.728441002707834e-1 6.978258351707421e-4 6.978258351733468e-4 1.460074451358284e-15 1.395651670350021e-3
          6.978258351707421e-4 8.283548340974857e-1 7.903011334705701e-4 1.208669801357616e-3 -7.903011334705825e-4
          6.978258351733468e-4 7.903011334705701e-4 8.283548340974869e-1 -1.208669801354019e-3 -7.903011334708542e-4
          1.460074451358284e-15 1.208669801357616e-3 -1.208669801354019e-3 7.728441002707819e-1 -5.179947572058120e-15
          1.395651670350021e-3 -7.903011334705825e-4 -7.903011334708542e-4 -5.179947572058120e-15 8.283548340974802e-1
          </Hubbard_ns>
        <Hubbard_ns specie="Fe" label="3d" spin="2" index="6" rank="2" dims="5 5" order="F">
          6.412844163891799e-1 1.228967728213774e-2 1.228967728213791e-2 1.064620192483606e-15 2.457935456427723e-2
          1.228967728213774e-2 1.530934192884799e-1 4.107623337198786e-3 2.128634546128885e-2 -4.107623337198794e-3
          1.228967728213791e-2 4.107623337198786e-3 1.530934192884800e-1 -2.128634546128775e-2 -4.107623337198762e-3
          1.064620192483606e-15 2.128634546128885e-2 -2.128634546128775e-2 6.412844163891785e-1 -1.624398033588507e-15
          2.457935456427723e-2 -4.107623337198794e-3 -4.107623337198762e-3 -1.624398033588507e-15 1.530934192884789e-1
          </Hubbard_ns>
        <Hubbard_ns specie="Fe" label="3d" spin="1" index="7" rank="2" dims="5 5" order="F">
          7.728441002707836e-1 6.978258351707421e-4 6.978258351733468e-4 1.458339727881567e-15 1.395651670350021e-3
          6.978258351707421e-4 8.283548340974857e-1 7.903011334705699e-4 1.208669801357616e-3 -7.903011334705827e-4
          6.978258351733468e-4 7.903011334705699e-4 8.283548340974869e-1 -1.208669801354020e-3 -7.903011334708542e-4
          1.458339727881567e-15 1.208669801357616e-3 -1.208669801354020e-3 7.728441002707819e-1 -5.179967900850366e-15
          1.395651670350021e-3 -7.903011334705827e-4 -7.903011334708542e-4 -5.179967900850366e-15 8.283548340974802e-1
          </Hubbard_ns>
        <Hubbard_ns specie="Fe" label="3d" spin="2" index="8" rank="2" dims="5 5" order="F">
          6.412844163891801e-1 1.228967728213774e-2 1.228967728213791e-2 1.076763256816337e-15 2.457935456427724e-2
          1.228967728213774e-2 1.530934192884799e-1 4.107623337198786e-3 2.128634546128885e-2 -4.107623337198794e-3
          1.228967728213791e-2 4.107623337198786e-3 1.530934192884800e-1 -2.128634546128774e-2 -4.107623337198762e-3
          1.076763256816337e-15 2.128634546128885e-2 -2.128634546128774e-2 6.412844163891788e-1 -1.623964352717644e-15
          2.457935456427724e-2 -4.107623337198794e-3 -4.107623337198762e-3 -1.623964352717644e-15 1.530934192884789e-1
          </Hubbard_ns>
        <U_projection_type>atomic</U_projection_type>
      </dftU>
    </dft>
    <magnetization>
      <lsda>true</lsda>
      <noncolin>false</noncolin>
      <spinorbit>false</spinorbit>
      <total>4.050702697217518e0</total>
      <absolute>7.776816544963662e0</absolute>
      <do_magnetization>false</do_magnetization>
    </magnetization>
    <total_energy>
      <etot>-3.840710356712967e2</etot>
      <eband>-2.647308173064192e1</eband>
      <ehart>1.068806552614554e2</ehart>
      <vtxc>-5.666644067107470e1</vtxc>
      <etxc>-4.513525874486153e1</etxc>
      <ewald>-2.632195474106227e2</ewald>
      <demet>-9.126139164290892e-3</demet>
    </total_energy>
    <band_structure>
      <lsda>true</lsda>
      <noncolin>false</noncolin>
      <spinorbit>false</spinorbit>
      <nbnd_up>32</nbnd_up>
      <nbnd_dw>32</nbnd_dw>
      <nelec>5.400000000000000e1</nelec>
      <num_of_atomic_wfc>34</num_of_atomic_wfc>
      <wf_collected>true</wf_collected>
      <fermi_energy>6.891305827281970e-1</fermi_energy>
      <starting_k_points>
        <monkhorst_pack nk1="4" nk2="4" nk3="4" k1="0" k2="0" k3="0">Monkhorst-Pack</monkhorst_pack>
      </starting_k_points>
      <nks>13</nks>
      <occupations_kind>smearing</occupations_kind>
      <smearing degauss="3.000000000000e-2">gaussian</smearing>
      <ks_energies>
        <k_point weight="1.562500000000e-2">0.000000000000000e0 0.000000000000000e0 0.000000000000000e0</k_point>
        <npw>731</npw>
        <eigenvalues size="64">
          -2.762090594949762e0 -2.757424226798844e0 -2.633624164718658e0 -1.469745162929920e0 -1.454800835125399e0
          -1.454800835125334e0 -1.421276708217628e0 -1.417943137193349e0 -1.417943137193347e0 -1.317049056084693e0
          -1.313311893812050e0 -1.313311893812049e0 -7.457804371598900e-2 3.623643053495575e-1 4.066643458139861e-1
          4.522923275313727e-1 4.522923275313786e-1 5.008290897671436e-1 5.008290897671871e-1 5.059173697697624e-1
          5.059173697697803e-1 5.201057770091416e-1 5.269111191097858e-1 5.269111191099311e-1 5.556098914853242e-1
          6.106905347109647e-1 6.106905347109677e-1 6.714591918301130e-1 7.251233556924977e-1 7.251233557370911e-1
          7.784764604278499e-1 8.050463077308850e-1 -2.708358588624710e0 -2.638946517286607e0 -2.633744815940029e0
          -1.387924530942617e0 -1.386861847209309e0 -1.386861847209306e0 -1.347126440251577e0 -1.334990615989083e0
          -1.334990615989081e0 -1.297551935980849e0 -1.297551935980844e0 -1.297542960184073e0 -6.776774165138743e-2
          4.049609773825208e-1 4.223836424530669e-1 4.971018891728868e-1 4.971018891728898e-1 5.049325890134854e-1
          5.049325890134885e-1 5.372889035666227e-1 5.530125486152189e-1 5.530125486152366e-1 6.620112025575915e-1
          6.620112025575944e-1 7.040059192513737e-1 7.232672511629064e-1 7.232672511629227e-1 7.661873363937087e-1
          7.821941549692760e-1 7.821941549692908e-1 8.147955429189921e-1 8.277142785822180e-1
          </eigenvalues>
        <occupations size="64">
          1.000000000000000e0 1.000000000000000e0 1.000000000000000e0 1.000000000000000e0 1.000000000000000e0
          1.000000000000000e0 1.000000000000000e0 1.000000000000000e0 1.000000000000000e0 1.000000000000000e0
          1.000000000000000e0 1.000000000000000e0 1.000000000000000e0 1.000000000000000e0 1.000000000000000e0
          1.000000000000000e0 1.000000000000000e0 1.000000000000000e0 1.000000000000000e0 1.000000000000000e0
          1.000000000000000e0 1.000000000000000e0 1.000000000000000e0 1.000000000000000e0 1.000000000000000e0
          9.999999999999295e-1 9.999999999999295e-1 9.521507326769708e-1 3.451144994808301e-4 3.451144941833204e-4
          1.825288070146129e-17 4.204997992452531e-28 1.000000000000000e0 1.000000000000000e0 1.000000000000000e0
          1.000000000000000e0 1.000000000000000e0 1.000000000000000e0 1.000000000000000e0 1.000000000000000e0
          1.000000000000000e0 1.000000000000000e0 1.000000000000000e0 1.000000000000000e0 1.000000000000000e0
          1.000000000000000e0 1.000000000000000e0 1.000000000000000e0 1.000000000000000e0 1.000000000000000e0
          1.000000000000000e0 1.000000000000000e0 1.000000000000000e0 1.000000000000000e0 9.947186057056413e-1
          9.947186057056372e-1 8.038893715493328e-2 6.444587338374337e-4 6.444587338339758e-4 1.865461727819050e-13
          8.612447279893589e-19 8.612447279786997e-19 1.104492610396918e-32 2.582075343140811e-39
          </occupations>
      </ks_energies>
      <ks_energies>
        <k_point weight="9.375000000000e-2">4.592793267718459e-1 -1.530931089239486e-1 -1.530931089239486e-1</k_point>
        <npw>758</npw>
        <eigenvalues size="64">
          -2.761556221741325e0 -2.760316338706880e0 -2.635660190549325e0 -1.463140490274918e0 -1.454253870380477e0
          -1.451113397978002e0 -1.450250814071810e0 -1.446944950777033e0 -1.440688761418567e0 -1.330985204923865e0
          -1.329673003249684e0 -1.322437649231024e0 -6.465532515646089e-2 3.851802628166325e-1 3.957994380368945e-1
          4.403345496087053e-1 4.484447111817125e-1 4.843548810887110e-1 4.859777707607855e-1 4.926712030061990e-1
          4.978560957148236e-1 5.051138855950013e-1 5.129878295421479e-1 5.288463883516270e-1 5.433703782749117e-1
          5.857747425179878e-1 5.943869134993061e-1 6.814482263072483e-1 6.850190823566824e-1 7.092083683057369e-1
          7.211920345629046e-1 7.219761165011112e-1 -2.709538147704412e0 -2.638846888668639e0 -2.637271146119244e0
          -1.404270249395070e0 -1.401748587556778e0 -1.399481877003835e0 -1.339849140825383e0 -1.333824029100090e0
          -1.329459402953242e0 -1.327457374885290e0 -1.326259827985392e0 -1.318674098016521e0 -5.694306991883304e-2
          4.098259775365670e-1 4.307675790364040e-1 4.709450476556933e-1 4.844368420844610e-1 5.029995501315758e-1
          5.081553532295757e-1 5.374968213820659e-1 5.504455174533385e-1 5.523261599193434e-1 6.209925353110468e-1
          6.438348087448738e-1 6.773492484217350e-1 7.127390399643598e-1 7.274065237078697e-1 7.328477969884439e-1
          7.390997596341052e-1 7.437419254668938e-1 7.633706866759987e-1 7.797252222185731e-1
          </eigenvalues>
        <occupations size="64">
          1.000000000000000e0 1.000000000000000e0 1.000000000000000e0 1.000000000000000e0 1.000000000000000e0
          1.000000000000000e0 1.000000000000000e0 1.000000000000000e0 1.000000000000000e0 1.000000000000000e0
          1.000000000000000e0 1.000000000000000e0 1.000000000000000e0 1.000000000000000e0 1.000000000000000e0
          1.000000000000000e0 1.000000000000000e0 1.000000000000000e0 1.000000000000000e0 1.000000000000000e0
          1.000000000000000e0 1.000000000000000e0 1.000000000000000e0 1.000000000000000e0 1.000000000000000e0
          1.000000000000000e0 1.000000000000000e0 7.655590609492696e-1 6.508572778815380e-1 2.918214130790203e-2
          1.252310239614734e-3 9.784171732945229e-4 1.000000000000000e0 1.000000000000000e0 1.000000000000000e0
          1.000000000000000e0 1.000000000000000e0 1.000000000000000e0 1.000000000000000e0 1.000000000000000e0
          1.000000000000000e0 1.000000000000000e0 1.000000000000000e0 1.000000000000000e0 1.000000000000000e0
          1.000000000000000e0 1.000000000000000e0 1.000000000000000e0 1.000000000000000e0 1.000000000000000e0
          1.000000000000000e0 1.000000000000000e0 1.000000000000000e0 1.000000000000000e0 9.999999999336811e-1
          9.999902493987953e-1 8.666630573480450e-1 1.301289603127006e-2 1.538733507631504e-4 1.880446153180136e-5
          1.231679633689205e-6 1.310743830671103e-7 1.285083617769621e-12 6.633450723551679e-18
          </occupations>
      </ks_energies>
      <ks_energies>
        <k_point weight="4.687500000000e-2">-9.185586535436919e-1 3.061862178478973e-1 3.061862178478973e-1</k_point>
        <npw>764</npw>
        <eigenvalues size="64">
          -2.761319581352927e0 -2.760989409033709e0 -2.636313146929729e0 -1.458739926198103e0 -1.457797261466569e0
          -1.456441101532215e0 -1.454724400160991e0 -1.446120612608944e0 -1.445265445647153e0 -1.333888987652950e0
          -1.332513157344531e0 -1.324423637484480e0 -5.395183019478220e-2 3.607019094000666e-1 4.126232505596641e-1
          4.407109084560272e-1 4.580566427914299e-1 4.609660099895779e-1 4.876811406784945e-1 5.094676116068133e-1
          5.149225925075931e-1 5.288670742069024e-1 5.323350197283849e-1 5.398617376694011e-1 5.443534275176214e-1
          5.491586256899939e-1 6.006842036654422e-1 6.498572360851920e-1 6.801490278502332e-1 6.954915566129114e-1
          7.061260884726169e-1 7.540912675143538e-1 -2.709831003800499e0 -2.638741824165151e0 -2.638102702737025e0
          -1.410059400023026e0 -1.403846272692977e0 -1.398363107073807e0 -1.336325037996696e0 -1.334665617292904e0
          -1.333711588885890e0 -1.333591957410549e0 -1.325586169348192e0 -1.325406425315237e0 -4.535338477071354e-2
          3.908427587600155e-1 4.310918811307233e-1 4.728767566130405e-1 5.020060422991812e-1 5.220395666383859e-1
          5.325613109195137e-1 5.530991694860383e-1 5.710434185321018e-1 5.711229674185716e-1 5.985464757129706e-1
          6.198598198021568e-1 6.243230304349408e-1 6.849550419150332e-1 7.321257721832033e-1 7.349796369634989e-1
          7.464957960926957e-1 7.608839793237134e-1 7.667018234786978e-1 7.717322937745966e-1
          </eigenvalues>
        <occupations size="64">
          1.000000000000000e0 1.000000000000000e0 1.000000000000000e0 1.000000000000000e0 1.000000000000000e0
          1.000000000000000e0 1.000000000000000e0 1.000000000000000e0 1.000000000000000e0 1.000000000000000e0
          1.000000000000000e0 1.000000000000000e0 1.000000000000000e0 1.000000000000000e0 1.000000000000000e0
          1.000000000000000e0 1.000000000000000e0 1.000000000000000e0 1.000000000000000e0 1.000000000000000e0
          1.000000000000000e0 1.000000000000000e0 1.000000000000000e0 1.000000000000000e0 1.000000000000000e0
          1.000000000000000e0 1.000000000000000e0 9.998933526613079e-1 8.014436616695436e-1 2.743469719972382e-1
          5.453893527797841e-2 4.546952830102918e-10 1.000000000000000e0 1.000000000000000e0 1.000000000000000e0
          1.000000000000000e0 1.000000000000000e0 1.000000000000000e0 1.000000000000000e0 1.000000000000000e0
          1.000000000000000e0 1.000000000000000e0 1.000000000000000e0 1.000000000000000e0 1.000000000000000e0
          1.000000000000000e0 1.000000000000000e0 1.000000000000000e0 1.000000000000000e0 1.000000000000000e0
          1.000000000000000e0 1.000000000000000e0 1.000000000000000e0 1.000000000000000e0 1.000000000000000e0
          9.999999999673145e-1 9.999999995022021e-1 6.530890428553571e-1 2.521498047864394e-5 7.706902008394784e-6
          3.178729694987450e-8 6.666606057489753e-12 1.301490269149602e-13 3.410271150510191e-15
          </occupations>
      </ks_energies>
      <ks_energies>
        <k_point weight="9.375000000000e-2">3.061862178478973e-1 3.061862178478973e-1 -3.061862178478973e-1</k_point>
        <npw>756</npw>
        <eigenvalues size="64">
          -2.761157386701299e0 -2.760482242575711e0 -2.635480211655745e0 -1.458939409856404e0 -1.455124713115200e0
          -1.454041726364848e0 -1.445709754894932e0 -1.445087264241518e0 -1.442344647847534e0 -1.333127005539106e0
          -1.325930468421240e0 -1.322189027149681e0 -6.451582237036115e-2 3.766275650614852e-1 4.016868923143353e-1
          4.425406034821488e-1 4.457661694666686e-1 4.765586918577723e-1 4.859549500821166e-1 4.985754185037585e-1
          5.044057874976700e-1 5.132103850663139e-1 5.324977539739113e-1 5.391682008492918e-1 5.646875865527383e-1
          5.687175898601737e-1 5.767731035133902e-1 6.474395971426592e-1 6.782485688406488e-1 7.145163657867732e-1
          7.155423562321531e-1 7.505032171315616e-1 -2.709397214499654e0 -2.638429454352372e0 -2.637332027821759e0
          -1.407168481737281e0 -1.399009461801616e0 -1.396781454201011e0 -1.335196333903513e0 -1.334250674061423e0
          -1.333445882113862e0 -1.325520099703084e0 -1.321362229458294e0 -1.321290250666185e0 -5.688794126984373e-2
          4.028161143306352e-1 4.364090269586026e-1 4.718168053997375e-1 4.737369715490669e-1 5.095431725114912e-1
          5.266191362285236e-1 5.354164193157070e-1 5.493699033628605e-1 5.732724546352204e-1 6.290537988489532e-1
          6.336420756380942e-1 6.483253744429119e-1 7.103139312182706e-1 7.297143939742574e-1 7.354658067929350e-1
          7.358546741732579e-1 7.594758719692445e-1 7.693953155938418e-1 7.742554025129889e-1
          </eigenvalues>
        <occupations size="64">
          1.000000000000000e0 1.000000000000000e0 1.000000000000000e0 1.000000000000000e0 1.000000000000000e0
          1.000000000000000e0 1.000000000000000e0 1.000000000000000e0 1.000000000000000e0 1.000000000000000e0
          1.000000000000000e0 1.000000000000000e0 1.000000000000000e0 1.000000000000000e0 1.000000000000000e0
          1.000000000000000e0 1.000000000000000e0 1.000000000000000e0 1.000000000000000e0 1.000000000000000e0
          1.000000000000000e0 1.000000000000000e0 1.000000000000000e0 1.000000000000000e0 1.000000000000000e0
          1.000000000000000e0 1.000000000000000e0 9.999576441738563e-1 8.475462202210634e-1 8.346638876088665e-3
          6.384892798705026e-3 3.598379750044916e-9 1.000000000000000e0 1.000000000000000e0 1.000000000000000e0
          1.000000000000000e0 1.000000000000000e0 1.000000000000000e0 1.000000000000000e0 1.000000000000000e0
          1.000000000000000e0 1.000000000000000e0 1.000000000000000e0 1.000000000000000e0 1.000000000000000e0
          1.000000000000000e0 1.000000000000000e0 1.000000000000000e0 1.000000000000000e0 1.000000000000000e0
          1.000000000000000e0 1.000000000000000e0 1.000000000000000e0 1.000000000000000e0 9.999999926098100e-1
          9.999999159329930e-1 9.999402505645989e-1 2.290253145232772e-2 6.504757204080320e-5 6.254372907097800e-6
          5.284570000720531e-6 1.653404404502086e-11 1.903377674888458e-14 5.049695324374327e-16
          </occupations>
      </ks_energies>
      <ks_energies>
        <k_point weight="1.875000000000e-1">-1.071651762467640e0 7.654655446197431e-1 1.530931089239486e-1</k_point>
        <npw>767</npw>
        <eigenvalues size="64">
          -2.761367812293009e0 -2.761201689054847e0 -2.636464968771276e0 -1.460820638362556e0 -1.460091795935549e0
          -1.455673091393003e0 -1.450417669740460e0 -1.449807388206750e0 -1.448418109699125e0 -1.335159291128562e0
          -1.331349802986985e0 -1.328470236635069e0 -5.397932430291940e-2 3.787027246070206e-1 4.085915906938762e-1
          4.199852514323521e-1 4.599405418040083e-1 4.709956786857905e-1 4.775729948872956e-1 5.001529684431728e-1
          5.075325640304865e-1 5.120353436339799e-1 5.208953562844473e-1 5.389181963309731e-1 5.467289111871814e-1
          5.637408289488373e-1 6.245422911611210e-1 6.313303830071892e-1 6.721958182117024e-1 6.880528802479611e-1
          6.998253934437946e-1 7.452514741659986e-1 -2.709885303643143e0 -2.638829083303397e0 -2.638319003579186e0
          -1.409135055635208e0 -1.404908536601433e0 -1.400115201725121e0 -1.340726750114908e0 -1.337818331490062e0
          -1.335285183543190e0 -1.329845499389319e0 -1.327382596334874e0 -1.326579866746315e0 -4.569342616304486e-2
          4.132528536941320e-1 4.381433075565110e-1 4.585915531125195e-1 4.997952722170562e-1 5.115520636888158e-1
          5.173316671078762e-1 5.293521813276001e-1 5.327747672091054e-1 5.782015214580540e-1 6.159141357287885e-1
          6.328578096606301e-1 6.519829025744237e-1 7.160989337862704e-1 7.211833653847426e-1 7.299073515872556e-1
          7.343431108911731e-1 7.393160959078426e-1 7.474077521140146e-1 7.732293764968796e-1
          </eigenvalues>
        <occupations size="64">
          1.000000000000000e0 1.000000000000000e0 1.000000000000000e0 1.000000000000000e0 1.000000000000000e0
          1.000000000000000e0 1.000000000000000e0 1.000000000000000e0 1.000000000000000e0 1.000000000000000e0
          1.000000000000000e0 1.000000000000000e0 1.000000000000000e0 1.000000000000000e0 1.000000000000000e0
          1.000000000000000e0 1.000000000000000e0 1.000000000000000e0 1.000000000000000e0 1.000000000000000e0
          1.000000000000000e0 1.000000000000000e0 1.000000000000000e0 1.000000000000000e0 1.000000000000000e0
          1.000000000000000e0 9.999999994334775e-1 9.999999747378107e-1 9.448253286080060e-1 5.404655949272282e-1
          1.566512903777959e-1 6.078199419801776e-8 1.000000000000000e0 1.000000000000000e0 1.000000000000000e0
          1.000000000000000e0 1.000000000000000e0 1.000000000000000e0 1.000000000000000e0 1.000000000000000e0
          1.000000000000000e0 1.000000000000000e0 1.000000000000000e0 1.000000000000000e0 1.000000000000000e0
          1.000000000000000e0 1.000000000000000e0 1.000000000000000e0 1.000000000000000e0 1.000000000000000e0
          1.000000000000000e0 1.000000000000000e0 1.000000000000000e0 1.000000000000000e0 9.999999999974527e-1
          9.999999438016735e-1 9.997693846377999e-1 5.501547330757455e-3 1.255696553779661e-3 6.040647465135709e-5
          1.009957260891634e-5 1.114138872086432e-6 1.959935976886172e-8 1.105385627918704e-15
          </occupations>
      </ks_energies>
      <ks_energies>
        <k_point weight="9.375000000000e-2">-6.123724356957945e-1 6.123724356957945e-1 0.000000000000000e0</k_point>
        <npw>759</npw>
        <eigenvalues size="64">
          -2.761029679296522e0 -2.760894532564355e0 -2.636085868914855e0 -1.454784207368099e0 -1.454378201363186e0
          -1.451410487060599e0 -1.450703679543055e0 -1.449994150863954e0 -1.446810351400496e0 -1.331187764846546e0
          -1.330041414195875e0 -1.326075409999186e0 -5.385465747094225e-2 3.806148343036992e-1 4.128828884717107e-1
          4.246846930481217e-1 4.530184942329855e-1 4.861151742518306e-1 4.871050630646281e-1 4.942735176942711e-1
          5.056195796229592e-1 5.127263029725977e-1 5.297586868446126e-1 5.380044590251527e-1 5.407867521017177e-1
          5.827911859403978e-1 6.293839514155078e-1 6.456670855214004e-1 6.831607388498185e-1 6.871881914274725e-1
          7.041825360803788e-1 7.394449068031392e-1 -2.709587957361852e0 -2.638512178663786e0 -2.637943881651522e0
          -1.405536516470059e0 -1.402957245630000e0 -1.398392428127603e0 -1.334082685978369e0 -1.332789945780685e0
          -1.330156770508018e0 -1.329901805294527e0 -1.328528015956272e0 -1.324560209553725e0 -4.550914475655043e-2
          4.103703374937679e-1 4.398223873536194e-1 4.631707639101956e-1 5.009005085061219e-1 5.075460984566369e-1
          5.156757582610037e-1 5.400705633092216e-1 5.459811017623152e-1 5.786157232428456e-1 6.231641411353702e-1
          6.378770647904563e-1 6.584823420182849e-1 7.275621593151599e-1 7.288114814912806e-1 7.300704498570446e-1
          7.344247214762666e-1 7.474845909295734e-1 7.482397862788118e-1 7.668688104542252e-1
          </eigenvalues>
        <occupations size="64">
          1.000000000000000e0 1.000000000000000e0 1.000000000000000e0 1.000000000000000e0 1.000000000000000e0
          1.000000000000000e0 1.000000000000000e0 1.000000000000000e0 1.000000000000000e0 1.000000000000000e0
          1.000000000000000e0 1.000000000000000e0 1.000000000000000e0 1.000000000000000e0 1.000000000000000e0
          1.000000000000000e0 1.000000000000000e0 1.000000000000000e0 1.000000000000000e0 1.000000000000000e0
          1.000000000000000e0 1.000000000000000e0 1.000000000000000e0 1.000000000000000e0 1.000000000000000e0
